408
6059
0 402
0 360
0 9
0 391
0 403
0 346
0 295
0 302
0 9
0 249
0 58
0 375
0 91
0 125
0 276
0 250
0 15
0 331
0 396
1 402
1 27
1 320
1 202
1 25
1 206
1 363
1 239
1 6
1 205
1 118
1 356
1 353
2 385
2 151
2 225
2 297
2 378
2 113
2 32
2 176
2 318
2 290
2 177
2 106
2 125
2 154
2 378
2 172
3 130
3 179
3 407
3 223
3 51
3 167
3 327
3 165
3 99
3 298
3 171
3 383
3 180
3 76
3 55
3 235
3 329
3 122
3 271
3 70
3 305
4 94
4 357
4 7
4 160
4 320
4 275
4 38
4 26
4 248
4 171
4 361
4 97
4 87
4 110
4 391
5 53
5 51
5 313
5 376
5 225
5 178
5 60
5 214
5 315
5 41
5 234
5 360
5 162
5 212
5 64
5 41
5 307
5 386
5 179
6 377
6 116
6 216
6 276
6 198
6 270
6 305
6 110
6 349
6 73
6 84
6 175
6 3
6 87
6 279
6 95
7 404
7 8
7 393
7 133
7 97
7 267
7 121
7 65
7 291
7 111
7 58
7 12
7 341
7 255
7 114
8 232
8 211
8 136
8 253
8 17
8 345
8 395
8 196
8 343
8 16
8 366
8 236
8 307
8 97
8 372
8 264
8 22
8 27
9 381
9 235
9 184
9 401
9 245
9 246
9 90
9 132
9 6
9 306
9 123
9 135
9 62
9 248
9 291
9 401
10 375
10 249
10 50
10 370
10 333
10 174
10 85
10 347
10 211
10 132
11 262
11 132
11 41
11 38
11 305
11 87
11 51
11 103
11 92
12 379
12 383
12 83
12 406
12 136
12 76
12 131
12 9
12 108
12 368
12 184
12 377
12 57
12 48
12 1
13 210
13 286
13 334
13 96
13 314
13 405
13 70
13 267
13 213
13 36
13 327
13 398
13 29
13 395
13 42
14 392
14 245
14 70
14 212
14 399
14 380
14 77
14 314
14 237
14 386
14 242
14 216
15 213
15 327
15 198
15 18
15 37
15 375
15 327
15 331
15 326
15 314
15 225
15 48
15 248
15 251
15 199
15 86
15 67
15 235
15 129
15 58
15 343
15 265
15 171
15 318
15 266
16 154
16 283
16 59
16 159
16 0
16 52
16 281
16 155
16 116
16 223
16 366
16 172
16 90
16 296
16 163
16 211
16 169
16 13
16 128
16 332
16 58
16 52
17 389
17 309
17 9
17 218
17 252
17 78
17 168
17 42
17 157
17 144
17 233
17 209
17 163
17 126
18 35
18 109
18 226
18 399
18 35
18 265
18 308
18 329
18 353
18 212
18 178
18 104
18 23
18 279
18 377
19 204
19 168
19 175
19 270
19 288
19 345
19 342
20 90
20 406
20 81
20 314
20 158
20 269
20 45
20 168
20 314
20 389
20 14
20 187
20 344
20 158
20 376
20 62
21 363
21 207
21 102
21 101
21 249
21 358
21 115
21 400
21 172
21 149
21 26
21 215
21 375
21 0
21 150
22 238
22 129
22 53
22 255
22 31
22 1
22 316
22 241
23 289
23 163
23 263
23 135
23 96
23 164
23 168
23 222
23 302
23 384
23 362
23 244
23 338
23 297
24 363
24 169
24 300
24 164
24 31
24 162
24 175
24 215
24 101
24 300
24 361
24 5
24 392
24 145
24 399
25 28
25 112
25 264
25 360
25 79
25 7
25 109
25 30
25 38
26 270
26 338
26 306
26 63
26 122
26 141
26 28
26 75
26 381
26 110
26 72
26 342
26 223
26 326
26 66
26 360
27 146
27 237
27 246
27 67
27 247
27 343
27 388
27 79
27 313
27 242
27 215
27 192
27 406
27 258
27 386
27 269
27 366
27 80
28 319
28 242
28 165
28 146
28 23
28 340
28 1
28 350
28 272
28 111
28 151
28 253
28 38
28 72
28 97
28 137
29 359
29 78
29 310
29 115
29 46
29 351
29 248
29 6
29 2
29 339
29 80
29 95
29 104
29 288
29 45
29 182
29 238
29 344
29 160
29 259
29 340
29 57
29 241
29 244
29 238
29 255
29 251
29 7
29 325
29 204
29 386
29 305
30 316
30 293
30 225
30 140
30 382
30 98
30 2
30 4
30 373
30 38
30 227
30 308
30 106
30 8
30 144
30 138
30 157
30 131
30 292
31 231
31 401
31 301
31 277
31 389
31 395
31 373
31 396
31 199
31 263
32 188
32 405
32 128
32 49
32 47
32 329
32 174
32 374
32 308
32 117
32 17
32 337
32 135
32 184
32 32
33 37
33 403
33 356
33 352
33 241
33 292
33 396
33 385
33 357
33 170
33 176
33 354
33 54
33 178
33 266
34 379
34 174
34 85
34 275
34 344
34 56
34 311
34 293
34 361
34 261
34 283
35 240
35 87
35 315
35 39
35 7
35 143
35 75
35 106
35 114
35 158
35 158
36 273
36 29
36 117
36 366
36 136
36 231
36 399
36 347
36 357
36 317
36 29
36 68
36 126
36 316
36 111
37 49
37 232
37 272
37 23
37 391
37 254
37 212
37 123
37 236
37 120
37 210
37 167
37 276
38 369
38 337
38 295
38 382
38 225
38 214
38 79
38 214
38 78
38 301
38 75
38 49
38 117
38 135
38 102
39 97
39 298
39 167
39 350
39 240
39 125
39 394
39 343
39 316
39 176
39 108
39 86
40 270
40 99
40 387
40 62
40 359
40 37
40 228
40 124
40 338
40 133
40 189
40 58
40 320
40 6
40 365
40 193
40 224
40 36
40 347
41 86
41 401
41 14
41 369
41 241
41 11
41 304
41 346
41 196
41 224
41 113
41 337
41 310
41 387
41 386
41 18
41 91
41 272
41 348
41 315
42 76
42 13
42 91
42 49
42 119
42 271
42 260
42 402
42 367
42 296
42 256
42 185
42 188
42 149
43 45
43 212
43 70
43 374
43 362
43 401
43 157
43 92
43 40
43 189
43 359
43 203
43 122
43 308
43 132
43 34
44 143
44 385
44 148
44 386
44 107
44 175
44 358
44 29
44 52
44 45
44 328
44 3
44 235
44 195
45 40
45 273
45 61
45 51
45 398
45 407
45 10
45 172
45 219
45 87
45 379
45 372
45 224
45 162
45 399
46 44
46 3
46 312
46 193
46 57
46 60
46 357
46 360
46 230
46 242
46 257
46 112
46 122
46 285
46 41
46 149
46 314
46 176
46 105
46 340
47 34
47 188
47 356
47 219
47 330
47 166
47 386
47 156
47 336
47 259
47 71
47 72
47 263
47 278
48 97
48 149
48 380
48 323
48 361
48 216
48 183
48 57
48 118
48 387
48 171
49 361
49 146
49 114
49 37
49 258
49 44
49 199
49 404
49 356
49 291
49 122
49 194
49 131
49 88
49 78
49 193
49 293
49 39
50 165
50 255
50 140
50 339
50 146
50 183
50 344
50 59
50 335
50 228
50 290
50 272
50 342
51 278
51 396
51 296
51 287
51 94
51 230
51 218
51 324
51 338
51 193
51 83
51 160
51 343
51 340
51 152
51 91
52 50
52 365
52 53
52 93
52 255
52 260
52 214
52 373
52 199
52 84
52 107
52 388
52 279
53 355
53 119
53 41
53 149
53 283
53 349
53 186
53 407
53 116
53 289
53 362
54 306
54 99
54 16
54 64
54 25
54 66
54 319
54 220
54 296
54 352
54 254
54 250
54 17
55 215
55 274
55 92
55 287
55 1
55 320
55 17
55 336
55 253
55 129
55 46
55 219
55 71
55 43
55 71
55 405
56 155
56 384
56 229
56 132
56 360
56 332
56 376
56 226
56 246
56 297
56 115
56 145
56 12
56 340
56 390
56 89
56 125
56 322
56 114
56 390
57 32
57 106
57 261
57 302
57 91
57 246
57 236
57 72
57 320
57 168
57 379
57 177
58 119
58 205
58 236
58 271
58 321
58 289
58 321
58 115
58 25
58 108
58 262
58 347
59 43
59 403
59 91
59 243
59 391
59 371
59 1
59 188
59 313
59 370
59 42
59 269
59 318
59 91
59 295
59 154
60 123
60 242
60 302
60 199
60 115
60 282
60 105
60 296
60 264
60 248
60 270
60 103
61 163
61 48
61 14
61 172
61 143
61 215
61 357
61 134
61 38
61 223
61 47
61 269
61 19
61 61
61 296
62 48
62 235
62 103
62 62
62 122
62 37
62 179
62 318
62 70
62 310
62 115
62 127
62 353
62 365
62 43
62 224
63 347
63 136
63 116
63 345
63 382
63 403
63 300
63 125
63 44
63 263
63 307
64 55
64 293
64 357
64 403
64 91
64 367
64 181
64 127
64 217
64 371
64 56
64 92
64 383
64 219
64 47
65 334
65 292
65 332
65 95
65 319
65 40
65 277
65 13
65 399
65 383
65 263
65 316
65 209
65 247
65 19
66 284
66 121
66 162
66 219
66 83
66 181
66 174
66 113
66 124
66 135
66 353
66 372
66 37
66 232
66 98
66 207
66 40
66 131
66 316
67 243
67 333
67 291
67 275
67 240
67 140
67 218
67 151
67 113
67 291
67 189
67 223
67 212
67 298
67 245
67 114
67 96
68 6
68 4
68 79
68 229
68 102
68 230
68 230
68 351
68 100
68 217
68 393
69 50
69 248
69 213
69 147
69 297
69 383
69 295
69 265
69 240
69 15
69 334
69 334
70 31
70 158
70 378
70 258
70 390
70 333
70 366
70 99
70 160
70 63
70 2
71 182
71 154
71 293
71 404
71 124
71 380
71 340
71 309
71 82
71 159
71 119
71 224
71 38
71 220
71 360
72 118
72 143
72 163
72 216
72 299
72 255
72 119
72 175
72 104
72 395
72 206
72 299
72 373
72 71
72 399
72 258
72 323
72 376
72 354
72 108
73 29
73 37
73 49
73 270
73 292
73 139
73 385
73 18
73 249
73 186
73 304
73 367
73 249
73 49
73 298
73 294
73 220
73 103
73 200
73 271
74 184
74 377
74 368
74 209
74 311
74 191
74 302
74 376
74 332
74 241
74 372
74 122
74 356
74 324
74 12
74 161
74 131
74 2
74 35
75 407
75 276
75 86
75 276
75 226
75 117
75 41
75 367
75 25
75 26
75 237
75 102
75 135
75 201
75 170
75 176
75 39
75 84
75 74
75 94
75 338
75 215
76 127
76 39
76 189
76 402
76 256
76 179
76 28
76 194
76 121
76 399
76 29
76 204
76 28
76 7
76 69
77 242
77 322
77 346
77 399
77 190
77 220
77 296
77 260
78 4
78 93
78 384
78 30
78 114
78 268
78 70
78 72
78 69
78 132
78 19
78 268
78 225
79 287
79 63
79 333
79 356
79 239
79 262
79 338
79 339
79 313
79 146
79 143
79 251
79 145
79 404
79 179
80 80
80 61
80 174
80 401
80 223
80 363
80 223
80 315
80 165
80 189
80 27
80 77
80 217
80 324
80 181
80 50
80 339
81 91
81 249
81 156
81 140
81 135
81 268
81 35
81 138
81 165
81 276
81 19
81 217
81 23
81 299
82 275
82 209
82 196
82 363
82 393
82 166
82 101
82 86
82 305
82 294
82 384
82 366
82 191
82 390
82 230
83 368
83 209
83 191
83 236
83 215
83 173
83 160
83 148
83 400
83 405
83 158
84 165
84 122
84 127
84 396
84 49
84 231
84 44
84 196
84 227
84 53
84 12
84 211
84 184
84 169
84 227
84 333
84 58
84 126
84 167
84 119
85 208
85 131
85 146
85 329
85 398
85 177
85 150
85 403
85 250
85 229
85 376
85 132
86 50
86 113
86 208
86 395
86 237
86 103
86 175
86 86
86 163
86 137
86 266
86 59
86 44
86 205
87 213
87 100
87 40
87 406
87 29
87 80
87 406
87 301
87 11
87 261
87 245
87 189
87 98
87 258
87 245
88 63
88 147
88 118
88 105
88 88
88 378
88 6
88 32
88 11
88 305
88 291
88 88
88 241
88 240
88 33
88 241
88 131
88 288
88 274
88 154
88 67
88 83
88 310
88 278
89 305
89 292
89 363
89 84
89 305
89 190
89 155
89 85
89 322
89 329
89 164
89 132
89 66
89 78
89 240
89 395
89 407
89 250
90 147
90 226
90 2
90 145
90 191
90 233
90 219
90 373
90 149
90 115
90 189
90 0
90 54
90 259
90 359
90 111
90 275
91 298
91 94
91 254
91 134
91 230
91 76
91 353
91 391
91 368
91 289
91 304
91 233
91 268
91 291
92 152
92 386
92 353
92 378
92 319
92 241
92 290
92 171
92 42
92 386
92 98
92 317
92 204
92 116
93 198
93 305
93 44
93 193
93 109
93 169
93 322
93 111
93 341
93 319
93 309
93 304
93 144
93 123
93 135
94 9
94 69
94 327
94 70
94 1
94 108
94 131
94 282
94 61
94 176
94 255
95 407
95 58
95 164
95 20
95 65
95 402
95 162
95 166
95 284
95 62
95 72
95 316
95 111
95 146
95 255
95 323
95 354
95 224
95 268
96 299
96 194
96 173
96 259
96 208
96 184
96 404
96 48
96 298
96 389
96 88
96 66
96 296
96 184
97 349
97 263
97 397
97 346
97 5
97 383
97 197
97 326
97 347
97 10
97 310
98 355
98 166
98 250
98 337
98 51
98 403
98 397
98 12
98 285
98 141
98 286
98 205
98 107
98 199
99 10
99 321
99 306
99 11
99 63
99 63
99 233
99 250
99 28
99 152
99 230
99 134
99 356
99 83
99 400
99 341
100 394
100 165
100 319
100 233
100 187
100 91
100 389
100 388
100 1
100 351
100 283
100 34
100 104
100 221
100 335
100 21
101 136
101 353
101 301
101 229
101 275
101 42
101 148
101 285
101 400
101 28
101 123
101 64
101 360
101 65
101 373
101 300
101 105
102 292
102 216
102 296
102 247
102 342
102 29
102 229
102 239
102 240
102 152
102 394
102 8
102 252
102 260
102 25
103 328
103 68
103 305
103 236
103 266
103 238
103 169
103 89
103 322
103 26
103 165
103 112
104 346
104 234
104 271
104 254
104 375
104 181
104 332
104 145
104 293
104 300
104 354
105 307
105 103
105 262
105 297
105 127
105 103
105 391
105 169
105 27
105 113
105 56
105 380
105 321
105 92
105 4
105 231
105 370
106 128
106 73
106 36
106 329
106 344
106 1
106 16
106 389
106 311
106 315
107 121
107 297
107 362
107 203
107 393
107 193
107 197
107 99
107 368
107 58
107 335
107 244
107 168
107 221
107 353
108 388
108 211
108 182
108 67
108 14
108 212
108 398
108 128
108 54
108 225
108 268
108 172
108 245
108 147
108 191
108 282
109 245
109 363
109 104
109 331
109 288
109 117
109 38
109 11
109 150
109 70
109 145
109 28
109 258
109 384
109 203
109 207
109 39
109 375
109 158
109 294
109 405
109 385
109 285
110 297
110 341
110 85
110 131
110 382
110 387
110 7
110 397
110 365
110 23
110 325
110 86
110 219
110 285
111 12
111 300
111 124
111 199
111 133
111 158
111 385
111 270
111 255
111 364
111 37
111 158
112 361
112 31
112 203
112 349
112 174
112 401
112 230
112 142
112 141
112 183
113 126
113 182
113 62
113 30
113 275
113 240
113 406
113 355
113 6
113 25
113 110
113 4
113 193
113 166
113 235
113 337
113 5
113 111
114 271
114 181
114 64
114 171
114 44
114 76
114 10
114 79
114 40
114 176
114 116
114 372
114 362
114 206
114 351
114 229
115 123
115 317
115 42
115 322
115 341
115 80
115 335
115 159
115 341
115 45
115 293
116 103
116 132
116 49
116 40
116 197
116 222
116 134
116 93
116 271
116 189
117 189
117 378
117 277
117 133
117 185
117 348
117 49
117 403
117 328
117 67
117 230
117 275
117 175
118 370
118 9
118 229
118 380
118 112
118 313
118 166
118 305
118 270
119 128
119 218
119 205
119 53
119 328
119 380
119 339
119 113
119 96
119 375
119 19
119 6
119 73
119 55
119 405
120 407
120 33
120 189
120 50
120 283
120 367
120 143
120 395
120 183
120 238
120 259
120 190
121 314
121 144
121 384
121 367
121 153
121 268
121 138
121 292
121 79
121 337
121 262
121 286
121 65
121 56
121 121
121 295
121 310
122 79
122 173
122 35
122 302
122 7
122 48
122 118
122 135
122 76
122 73
122 357
122 174
122 318
122 159
122 63
122 167
122 385
122 229
122 81
122 260
122 318
122 199
123 282
123 157
123 184
123 282
123 222
123 234
123 292
123 369
123 64
123 56
124 353
124 148
124 141
124 155
124 400
124 150
124 316
124 118
124 247
124 256
124 213
124 218
124 262
124 31
124 382
124 53
124 190
125 111
125 65
125 280
125 159
125 262
125 407
125 107
125 270
125 102
125 407
125 10
125 221
125 337
125 165
125 346
126 207
126 242
126 339
126 269
126 233
126 220
126 199
126 253
126 105
126 296
126 267
126 318
126 192
126 387
126 198
126 292
126 180
127 247
127 16
127 138
127 106
127 74
127 192
127 155
127 379
127 235
127 200
127 213
127 62
127 88
127 309
128 242
128 336
128 53
128 256
128 118
128 201
128 265
128 371
128 215
128 210
128 240
129 6
129 247
129 345
129 374
129 375
129 144
129 276
129 82
129 320
129 206
129 402
129 150
129 282
129 335
129 143
129 351
130 352
130 209
130 148
130 83
130 121
130 134
130 124
130 266
130 66
130 244
130 45
130 29
130 374
130 150
130 2
130 183
130 397
130 362
130 321
130 254
130 38
130 209
131 338
131 382
131 369
131 88
131 114
131 323
131 46
131 78
132 329
132 46
132 374
132 128
132 41
132 181
132 396
132 342
132 287
132 257
132 392
132 232
132 344
132 140
132 267
132 96
133 111
133 247
133 402
133 136
133 373
133 359
133 337
133 309
133 17
133 3
133 9
133 40
133 216
133 260
133 291
133 271
133 289
133 339
133 20
133 39
134 103
134 189
134 281
134 217
134 344
134 314
134 234
134 102
134 81
134 73
135 398
135 311
135 112
135 396
135 254
135 54
135 295
135 182
135 262
135 227
135 25
135 29
135 340
135 101
135 343
136 200
136 43
136 404
136 216
136 58
136 303
136 370
136 2
136 205
136 220
136 398
136 397
136 335
137 353
137 191
137 77
137 301
137 358
137 230
137 201
137 254
137 51
138 126
138 335
138 62
138 299
138 308
138 368
138 347
138 159
138 321
138 241
138 225
138 179
138 164
138 328
138 17
138 268
138 47
139 148
139 285
139 360
139 1
139 142
139 317
139 194
139 362
139 159
139 275
139 159
139 305
139 348
139 361
139 265
139 110
139 128
139 240
139 175
139 227
140 209
140 332
140 359
140 161
140 126
140 272
140 40
140 406
140 272
140 30
140 64
140 154
140 295
140 288
140 361
140 286
140 136
141 325
141 196
141 382
141 166
141 213
141 95
141 280
141 370
141 393
141 374
141 42
141 97
141 93
141 86
141 140
142 146
142 360
142 379
142 3
142 330
142 53
142 48
142 139
142 321
142 359
142 288
142 228
142 28
142 109
143 113
143 350
143 145
143 151
143 226
143 121
143 30
143 259
143 378
143 202
143 213
143 240
143 277
143 257
144 353
144 72
144 138
144 124
144 86
144 305
144 280
144 108
144 290
144 53
144 313
144 288
144 300
144 130
144 228
145 173
145 250
145 58
145 217
145 403
145 236
145 26
145 140
145 99
145 250
145 376
145 285
145 10
146 250
146 44
146 135
146 162
146 94
146 348
146 325
146 44
146 323
146 288
146 124
146 388
146 355
147 259
147 246
147 160
147 276
147 332
147 115
147 324
147 323
147 243
147 337
147 227
147 22
147 370
147 403
147 394
147 183
148 339
148 319
148 250
148 61
148 341
148 146
148 258
148 270
148 27
148 229
148 109
148 107
148 60
148 135
148 264
148 210
148 381
149 352
149 391
149 80
149 407
149 31
149 206
149 164
149 286
149 395
149 385
149 347
149 15
149 365
149 272
149 98
149 111
150 324
150 365
150 169
150 108
150 403
150 124
150 305
150 43
150 285
150 281
150 34
150 187
150 286
151 283
151 145
151 192
151 150
151 313
151 341
151 340
151 38
151 223
151 136
151 292
151 353
151 246
151 131
151 105
151 67
151 171
151 130
152 368
152 331
152 146
152 310
152 62
152 69
152 178
152 273
152 4
152 190
152 36
152 8
152 264
152 21
152 399
152 315
153 331
153 336
153 22
153 406
153 391
153 170
153 203
153 139
153 404
153 341
153 382
153 148
153 156
153 186
153 213
153 174
153 190
153 151
153 130
153 180
153 275
153 251
154 41
154 237
154 187
154 99
154 86
154 257
154 53
154 194
154 328
154 345
154 42
154 113
155 322
155 260
155 395
155 280
155 60
155 29
155 258
155 279
155 51
155 65
155 98
155 73
155 298
155 395
155 249
155 6
155 46
156 299
156 300
156 15
156 72
156 256
156 212
156 31
156 358
156 151
156 278
156 157
156 145
156 105
156 317
157 219
157 180
157 190
157 289
157 256
157 120
157 43
157 146
157 407
157 94
157 105
157 285
158 227
158 92
158 173
158 283
158 379
158 333
158 319
158 100
158 337
158 78
158 68
158 183
158 119
158 19
158 182
158 407
159 154
159 29
159 23
159 326
159 107
159 309
159 369
159 404
159 1
159 154
159 254
159 257
159 39
159 331
159 192
159 68
160 87
160 369
160 48
160 178
160 91
160 303
160 33
160 381
160 404
160 30
160 28
160 70
160 376
161 367
161 227
161 131
161 83
161 86
161 337
161 2
161 145
161 93
161 385
161 276
161 227
161 274
162 339
162 359
162 132
162 40
162 230
162 331
162 348
162 267
162 247
162 161
162 175
162 186
162 203
162 215
162 183
163 228
163 31
163 23
163 234
163 77
163 86
163 363
163 401
163 107
163 8
163 405
163 315
163 337
163 51
163 326
163 375
164 234
164 337
164 252
164 213
164 86
164 193
164 94
164 2
164 267
164 352
164 338
164 353
164 148
165 391
165 242
165 150
165 15
165 318
165 298
165 266
165 90
165 92
165 132
165 314
165 183
165 287
165 63
165 290
165 84
166 227
166 397
166 190
166 28
166 311
166 290
166 195
166 374
166 124
166 258
166 293
166 121
166 347
166 76
166 222
167 200
167 61
167 179
167 30
167 350
167 352
167 193
167 61
167 400
167 77
167 17
167 131
167 224
167 197
167 366
167 78
167 259
167 214
167 179
167 296
167 346
167 377
167 263
167 88
168 108
168 207
168 215
168 0
168 367
168 1
168 155
168 233
168 76
168 147
168 378
168 318
168 240
169 234
169 65
169 313
169 76
169 270
169 4
169 120
169 299
169 151
169 212
169 346
169 300
169 107
169 373
169 235
169 122
169 197
170 187
170 335
170 195
170 28
170 84
170 316
170 249
170 54
170 333
170 141
170 43
170 384
170 238
170 279
170 56
170 160
170 391
170 267
170 11
170 196
170 321
170 153
171 363
171 203
171 254
171 164
171 168
171 309
171 323
171 272
171 3
171 345
171 257
171 319
171 248
171 242
172 111
172 235
172 272
172 210
172 401
172 100
172 194
172 288
172 334
172 275
172 285
172 297
172 243
172 126
173 41
173 19
173 209
173 242
173 59
173 40
173 72
173 52
173 101
173 21
173 189
173 6
173 227
173 379
173 398
173 69
173 66
173 227
173 280
174 187
174 21
174 377
174 360
174 354
174 130
174 134
174 131
174 206
175 276
175 281
175 187
175 108
175 202
175 390
175 284
175 266
175 27
175 28
175 342
175 237
175 310
175 84
175 85
175 318
175 295
175 121
175 400
175 269
175 303
176 75
176 296
176 247
176 7
176 54
176 265
176 402
176 223
176 289
176 318
176 399
176 41
176 167
177 25
177 37
177 369
177 138
177 207
177 38
177 157
177 346
177 236
177 3
177 115
177 360
177 325
177 390
177 128
177 237
177 207
177 287
178 370
178 286
178 388
178 104
178 401
178 237
178 372
178 120
178 246
178 69
178 268
178 218
178 407
178 268
178 198
178 203
178 138
178 283
178 29
178 329
179 201
179 44
179 143
179 163
179 7
179 294
179 76
179 233
179 223
179 83
179 105
179 144
179 94
179 362
180 71
180 86
180 369
180 48
180 242
180 9
180 230
180 351
180 276
180 67
181 265
181 318
181 362
181 135
181 314
181 373
181 264
181 72
181 397
181 120
181 58
181 8
181 308
181 33
181 127
182 126
182 9
182 297
182 310
182 139
182 65
182 258
182 111
182 141
182 139
182 80
183 389
183 379
183 305
183 71
183 175
183 374
183 196
183 137
183 359
183 6
183 209
183 65
184 269
184 70
184 100
184 280
184 305
184 241
184 46
184 296
184 381
185 70
185 346
185 262
185 187
185 31
185 197
185 141
185 335
185 69
185 180
186 273
186 56
186 216
186 256
186 262
186 396
186 49
186 238
186 67
186 101
186 0
186 169
186 63
186 395
186 397
186 131
186 277
186 64
186 407
186 167
186 64
187 119
187 278
187 44
187 319
187 329
187 276
187 50
187 213
187 217
187 333
187 250
187 230
187 73
187 306
187 397
187 298
188 24
188 12
188 270
188 112
188 178
188 5
188 258
188 385
188 156
188 83
188 371
188 273
188 230
188 73
188 407
188 16
188 358
188 324
188 246
189 154
189 207
189 168
189 108
189 326
189 210
189 335
189 45
189 308
189 387
189 269
189 76
189 246
189 394
189 88
189 301
189 64
189 301
189 359
189 80
189 77
189 27
189 403
189 294
189 353
189 78
190 109
190 167
190 303
190 28
190 358
190 359
190 140
190 365
190 64
190 309
190 105
190 223
190 52
190 307
190 101
191 94
191 350
191 210
191 399
191 215
191 273
191 148
191 368
191 277
191 148
191 143
191 30
191 333
191 237
191 368
191 254
192 181
192 342
192 68
192 337
192 335
192 360
192 399
192 262
192 341
192 25
193 260
193 45
193 278
193 349
193 227
193 50
193 372
193 257
193 251
193 352
193 269
193 289
193 3
193 189
193 255
194 125
194 244
194 83
194 382
194 174
194 292
195 373
195 5
195 54
195 236
195 163
195 179
195 372
195 206
195 50
195 87
195 85
195 331
195 254
195 308
195 331
195 397
195 232
195 16
196 57
196 158
196 40
196 29
196 335
196 50
196 358
196 286
196 398
196 338
197 113
197 303
197 258
197 325
197 292
197 74
197 363
197 73
197 43
197 36
197 239
197 85
197 2
197 44
197 309
197 104
197 132
197 328
197 193
197 378
197 269
197 370
197 313
197 13
198 144
198 239
198 309
198 87
198 232
198 0
198 317
198 282
198 229
198 36
198 10
198 124
198 304
198 329
198 15
198 311
198 399
198 396
198 371
199 296
199 11
199 299
199 339
199 329
199 374
199 404
199 63
199 34
199 175
199 150
200 248
200 310
200 260
200 35
200 132
200 263
200 119
200 161
200 85
200 222
200 243
200 162
200 370
200 38
200 177
200 5
201 219
201 303
201 143
201 400
201 156
201 355
201 332
201 62
201 357
201 53
201 307
201 1
201 96
201 27
201 240
201 258
201 179
202 210
202 204
202 178
202 226
202 372
202 11
202 302
202 188
202 90
202 291
202 253
202 312
202 130
202 101
202 386
202 358
202 140
202 95
202 280
202 8
202 93
202 22
202 237
203 178
203 326
203 123
203 214
203 38
203 313
203 110
203 47
203 149
203 57
203 365
203 88
203 137
204 66
204 31
204 119
204 136
204 181
204 30
204 305
204 390
204 22
204 298
205 405
205 374
205 46
205 331
205 407
205 284
205 221
205 190
205 14
205 136
205 66
206 328
206 393
206 384
206 235
206 384
206 118
206 178
206 261
206 182
206 58
206 214
206 336
206 293
207 44
207 259
207 238
207 1
207 187
207 330
207 4
207 357
207 269
207 130
207 213
207 239
208 332
208 191
208 248
208 373
208 152
208 402
208 18
208 179
208 48
208 335
208 310
208 397
208 229
209 170
209 193
209 60
209 345
209 215
209 44
209 35
209 69
209 203
210 357
210 134
210 202
210 124
210 2
210 348
210 242
210 349
210 282
210 214
210 277
210 52
211 4
211 400
211 140
211 1
212 163
212 240
212 54
212 238
212 196
212 171
212 247
212 18
212 33
212 35
212 196
212 8
212 190
213 159
213 81
213 1
213 10
213 138
213 69
213 387
213 371
213 364
213 88
213 301
213 127
213 139
213 126
213 351
214 231
214 378
214 179
214 138
214 33
214 250
214 399
214 49
214 327
214 67
214 132
214 102
214 110
214 121
214 249
215 31
215 130
215 302
215 276
215 82
215 373
215 113
215 74
215 106
215 46
215 5
216 267
216 404
216 23
216 300
216 363
216 192
216 249
216 108
216 216
216 9
216 213
216 294
216 251
216 49
216 372
216 305
216 209
217 128
217 197
217 88
217 236
217 300
217 369
217 309
217 240
217 8
217 36
217 406
217 345
218 138
218 318
218 155
218 59
218 228
218 85
218 273
218 176
218 176
218 346
218 351
218 53
218 288
218 228
218 267
218 374
218 29
218 184
218 140
218 82
218 155
218 311
218 92
218 140
218 232
219 117
219 374
219 126
219 80
219 70
219 343
219 202
219 58
219 233
219 138
219 184
219 335
219 65
219 187
219 187
219 278
219 349
220 254
220 168
220 45
220 68
220 203
220 277
220 97
220 142
220 51
220 84
220 382
220 5
220 290
221 277
221 80
221 46
221 120
221 133
221 324
221 335
221 312
221 317
221 147
221 264
221 370
222 362
222 324
222 187
222 324
222 123
222 77
222 261
222 372
222 350
222 227
222 407
222 95
222 233
222 366
223 74
223 0
223 181
223 283
223 400
223 390
223 171
223 245
223 375
223 343
223 291
223 154
223 283
223 5
223 202
223 193
224 336
224 160
224 4
224 124
224 224
224 182
224 291
224 66
224 307
224 362
224 314
224 160
224 178
224 80
224 297
224 297
224 160
225 272
225 185
225 273
225 264
225 126
225 143
225 111
225 12
225 71
225 351
225 332
226 302
226 239
226 365
226 354
226 222
226 167
226 298
226 187
226 164
226 132
226 71
226 202
226 256
227 36
227 231
227 358
227 19
227 106
227 88
227 335
228 300
228 399
228 51
228 246
228 348
228 380
228 404
228 19
228 208
228 65
228 283
228 194
228 57
228 152
228 276
228 91
228 322
228 61
228 148
228 383
228 287
229 352
229 96
229 95
229 248
229 287
229 175
229 184
229 346
229 288
229 100
229 252
229 363
229 289
229 241
229 83
229 166
229 151
229 374
230 351
230 282
230 184
230 43
230 175
230 87
230 406
230 163
230 244
230 385
230 265
230 345
230 180
230 394
230 395
230 160
231 118
231 328
231 13
231 121
231 314
231 262
231 375
231 237
231 39
231 379
231 7
231 301
231 202
232 250
232 101
232 124
232 158
232 63
232 295
232 297
232 72
232 390
232 321
232 197
232 286
232 83
232 260
232 350
232 268
232 147
233 50
233 45
233 174
233 389
233 385
233 152
233 35
233 225
233 110
233 36
233 215
233 375
233 253
233 192
233 69
233 263
233 254
233 221
234 249
234 45
234 380
234 35
234 369
234 398
234 122
234 75
234 338
234 179
234 344
234 24
234 11
234 258
234 362
234 378
235 132
235 225
235 330
235 296
235 180
235 317
235 376
235 326
235 402
235 12
235 179
235 335
235 388
235 266
235 70
236 204
236 396
236 7
236 26
236 90
236 201
236 5
236 367
236 296
236 151
236 94
236 150
236 272
236 111
236 190
236 56
236 87
236 263
236 85
237 364
237 67
237 192
237 163
237 337
237 308
237 387
237 343
237 209
237 388
237 255
237 271
237 347
237 215
237 196
237 2
237 186
237 292
237 179
238 132
238 127
238 113
238 188
238 213
238 297
238 306
238 148
238 244
238 311
238 42
238 225
238 148
238 3
239 179
239 147
239 171
239 248
239 398
239 182
239 94
239 280
239 121
239 363
239 148
239 392
239 127
239 251
239 400
239 75
240 261
240 126
240 199
240 147
240 141
240 325
240 285
240 1
240 155
240 309
240 153
240 207
240 113
240 362
240 41
240 22
240 337
241 152
241 102
241 266
241 133
241 193
241 347
241 58
241 344
241 102
241 333
241 321
241 234
241 246
241 292
242 262
242 24
242 59
242 365
242 268
242 237
242 390
242 168
242 186
242 380
242 137
242 227
242 305
242 225
242 263
242 133
243 273
243 257
243 299
243 92
243 144
243 81
243 340
243 96
243 16
243 342
243 154
243 164
243 55
243 270
243 48
243 281
243 216
244 383
244 383
244 390
244 134
244 151
244 182
244 136
244 203
244 236
244 128
244 131
244 94
244 134
244 248
244 74
244 252
244 59
244 125
244 372
245 20
245 74
245 407
245 168
245 119
245 203
245 62
245 223
245 278
245 153
245 392
245 171
245 352
246 28
246 42
246 249
246 219
246 269
246 246
246 77
246 20
246 191
246 140
246 392
246 1
246 233
246 370
246 337
247 338
247 217
247 323
247 345
247 358
247 203
247 309
247 360
247 215
247 406
247 364
247 151
247 25
247 342
247 210
247 237
248 125
248 144
248 96
248 299
248 238
248 252
248 321
248 407
248 16
248 188
248 23
248 365
248 183
248 36
248 285
248 357
248 212
248 283
248 5
248 342
248 118
248 286
249 161
249 363
249 224
249 308
249 216
249 149
249 314
249 224
249 208
249 141
249 66
249 0
250 14
250 80
250 161
250 375
250 407
250 358
250 228
250 266
250 262
250 316
250 356
250 273
250 189
250 258
250 184
251 180
251 107
251 368
251 272
251 273
251 96
251 379
251 272
251 106
251 365
251 327
251 214
251 359
251 16
251 234
251 398
251 324
252 395
252 400
252 217
252 36
252 405
252 354
252 46
252 296
252 233
252 14
252 379
252 223
252 181
252 270
252 69
253 99
253 24
253 193
253 266
253 102
253 152
253 336
253 386
253 239
253 249
253 128
253 196
253 57
253 150
254 252
254 158
254 242
254 151
254 316
254 392
254 28
254 180
254 192
254 104
254 405
254 297
255 107
255 313
255 5
255 181
255 337
255 347
255 235
255 360
255 398
255 82
255 306
255 204
255 401
255 290
256 163
256 56
256 87
256 374
256 113
256 262
256 142
256 191
256 65
256 278
256 65
256 9
256 34
256 274
256 360
256 223
256 21
256 122
257 341
257 41
257 67
257 69
257 231
257 86
257 57
257 351
257 138
257 35
257 185
257 205
257 118
257 360
257 99
257 85
257 342
258 126
258 175
258 45
258 246
258 339
258 216
258 150
258 65
258 231
258 7
258 134
258 207
259 177
259 13
259 67
259 73
259 254
259 20
259 33
259 158
259 235
259 154
259 111
259 1
259 61
259 334
259 404
259 333
259 400
260 407
260 125
260 42
260 151
260 395
260 403
260 62
260 371
260 263
260 69
260 402
261 385
261 64
261 353
261 195
261 342
261 406
261 307
261 191
261 148
261 195
261 143
261 165
261 325
261 152
261 261
261 16
261 200
261 110
261 331
261 257
262 269
262 360
262 396
262 185
262 158
262 254
262 126
262 64
262 47
262 300
262 58
262 213
262 221
262 310
262 247
262 338
262 278
262 288
262 14
262 190
263 94
263 320
263 344
263 224
263 387
263 315
263 394
263 260
263 364
263 125
263 259
263 194
263 88
263 34
263 223
263 352
263 297
263 61
263 145
263 43
263 261
263 136
263 253
264 167
264 193
264 386
264 248
264 16
264 99
264 342
264 111
264 240
264 394
265 128
265 331
265 24
265 350
265 184
265 207
265 110
265 122
265 113
265 402
265 25
265 225
265 27
265 53
266 180
266 262
266 297
266 328
266 67
266 190
266 340
266 222
266 395
266 173
266 295
266 257
266 398
266 252
267 268
267 331
267 185
267 273
267 254
267 261
267 290
267 166
267 83
267 170
268 146
268 257
268 156
268 189
268 259
268 75
268 26
268 252
268 15
268 289
269 188
269 252
269 399
269 246
269 278
269 169
269 149
269 369
269 223
269 307
269 124
269 282
269 179
270 354
270 192
270 371
270 284
270 364
270 184
270 333
270 247
270 126
270 302
270 400
270 167
270 159
270 287
270 254
270 376
270 180
270 346
271 170
271 273
271 38
271 233
271 144
271 270
271 226
271 258
271 343
271 157
272 377
272 142
272 362
272 371
272 21
272 233
272 157
272 228
272 399
272 190
272 309
272 56
272 318
272 11
272 29
272 52
272 388
272 373
272 300
272 123
273 397
273 105
273 372
273 217
273 242
273 261
274 391
274 405
274 386
274 187
274 337
274 164
274 65
274 406
274 139
274 340
274 397
274 129
274 13
275 200
275 77
275 393
275 333
275 330
275 0
275 282
275 381
275 196
275 256
275 381
275 212
276 204
276 377
276 371
276 175
276 18
276 356
276 232
276 349
276 344
276 205
276 232
276 240
276 319
277 238
277 51
277 266
277 289
277 352
277 205
277 271
277 62
277 352
277 48
277 89
277 128
277 140
278 235
278 273
278 325
278 324
278 354
278 260
278 40
278 27
278 155
278 350
278 217
278 250
278 348
278 270
278 389
278 29
279 73
279 403
279 187
279 374
279 166
279 406
279 47
279 174
279 255
279 392
279 62
279 187
279 337
279 136
279 370
280 30
280 85
280 46
280 311
280 196
280 286
280 310
280 213
280 33
280 243
280 370
280 382
280 382
280 16
280 97
280 386
280 139
280 81
280 154
280 240
280 279
280 175
280 267
281 167
281 98
281 12
281 52
281 194
281 334
281 213
281 186
281 137
281 357
281 264
281 110
281 362
281 17
281 129
281 398
282 26
282 399
282 134
282 278
282 193
282 181
282 228
282 323
282 169
282 231
282 163
282 330
283 146
283 91
283 77
283 305
283 214
283 86
283 372
283 249
283 251
283 249
283 215
283 315
283 95
283 111
284 247
284 98
284 32
284 329
284 278
284 142
284 223
284 135
284 158
284 198
284 132
284 187
284 99
284 104
284 188
284 262
285 124
285 193
285 315
285 365
285 57
285 102
285 399
285 379
285 359
285 332
285 236
285 87
285 335
286 268
286 11
286 406
286 15
286 406
286 106
286 248
286 197
286 132
286 287
286 319
286 387
286 255
286 405
286 310
286 336
286 234
286 263
286 224
286 154
286 60
286 169
287 18
287 192
287 103
287 249
287 387
287 105
287 340
287 39
287 145
287 129
288 81
288 85
288 205
288 26
288 263
288 288
288 117
288 136
288 313
288 1
288 87
288 349
288 222
288 77
288 390
288 222
288 79
289 195
289 101
289 164
289 246
289 216
289 339
289 193
289 269
289 349
289 89
289 117
289 278
289 210
289 195
290 81
290 381
290 370
290 49
290 378
290 149
290 225
290 405
290 91
291 289
291 306
291 204
291 119
291 162
291 362
291 56
291 92
291 335
291 238
291 140
291 59
292 180
292 16
292 350
292 388
292 355
292 289
292 310
292 244
292 342
292 72
292 141
292 321
292 213
292 344
293 336
293 265
293 317
293 150
293 326
293 15
293 185
293 328
293 276
293 398
294 368
294 248
294 44
294 83
294 284
294 80
294 399
294 32
294 371
294 257
294 210
294 9
294 63
294 244
294 91
294 384
294 304
294 85
294 189
295 353
295 143
295 65
295 61
295 15
295 19
295 235
295 179
296 405
296 360
296 119
296 372
296 395
296 334
296 336
296 88
296 97
297 76
297 260
297 22
297 46
297 396
297 210
297 254
297 52
297 336
297 94
297 374
297 121
297 115
297 174
297 335
298 117
298 62
298 109
298 154
298 65
298 149
298 229
298 52
298 116
298 344
298 125
298 32
298 304
298 319
298 78
299 212
299 141
299 95
299 30
299 29
299 331
299 339
299 373
299 216
299 306
299 114
299 106
300 352
300 103
300 36
300 285
300 395
300 345
300 196
300 168
300 120
300 80
300 304
300 268
300 90
300 178
300 151
301 294
301 162
301 29
301 297
301 354
301 138
301 127
301 125
301 387
301 186
301 94
301 21
301 82
301 267
302 16
302 142
302 117
302 167
302 246
302 58
302 169
302 137
302 301
302 85
302 190
302 85
302 381
302 14
302 190
302 321
303 172
303 358
303 115
303 339
303 376
303 393
303 221
303 305
303 189
303 242
303 250
303 338
303 214
303 339
304 234
304 76
304 319
304 318
304 171
304 270
304 199
304 248
304 118
304 281
304 276
304 401
304 148
304 374
305 391
305 392
305 200
305 156
305 328
305 197
305 296
305 257
305 217
305 284
305 177
305 60
305 2
305 276
305 176
305 9
305 237
306 366
306 384
306 316
306 336
306 338
306 61
306 110
306 47
306 308
306 190
306 322
306 239
306 387
306 388
307 376
307 288
307 290
307 353
307 158
307 8
307 272
307 99
307 33
307 45
307 372
307 26
307 77
307 362
307 90
307 2
308 338
308 119
308 257
308 53
308 359
308 388
308 242
308 43
308 11
308 147
308 113
308 323
308 196
308 307
308 274
308 321
308 324
308 210
309 159
309 357
309 116
309 246
309 167
309 336
309 13
309 255
309 255
309 376
309 9
310 290
310 352
310 275
310 111
310 171
310 172
310 256
310 210
310 223
310 118
310 296
310 311
310 383
310 38
310 386
311 201
311 267
311 68
311 400
311 325
311 172
311 140
311 59
311 143
311 125
311 241
311 387
312 273
312 208
312 100
312 14
312 174
312 284
312 229
312 57
312 37
312 219
312 212
312 16
312 205
313 199
313 63
313 220
313 114
313 231
313 22
313 74
313 299
313 360
313 350
313 205
313 36
313 389
313 278
313 96
313 316
313 277
313 76
313 364
313 297
314 219
314 328
314 318
314 194
314 20
314 166
314 336
314 217
314 344
314 11
314 170
314 360
314 103
314 1
315 55
315 99
315 385
315 30
315 35
315 381
315 286
315 160
315 213
315 228
315 162
315 134
315 377
315 139
315 382
315 295
316 3
316 65
316 120
316 194
316 187
316 206
316 264
316 199
316 308
316 301
316 7
316 187
316 121
316 183
317 112
317 273
317 276
317 163
317 261
317 274
317 97
317 132
317 67
317 88
317 231
317 205
317 373
317 79
317 72
317 345
317 371
317 64
317 59
317 11
317 281
318 10
318 394
318 25
318 66
318 99
318 136
318 191
318 225
318 342
318 327
318 58
318 386
318 132
318 292
319 221
319 242
319 247
319 184
319 291
319 21
319 191
319 293
319 153
319 215
319 212
319 200
319 203
319 241
319 129
319 221
319 2
319 326
319 50
320 107
320 233
320 395
320 359
320 406
320 207
320 339
320 173
320 226
320 14
320 255
320 55
320 62
320 191
320 256
320 12
320 104
321 117
321 293
321 158
321 381
321 59
321 374
321 361
321 197
321 292
321 161
321 373
321 333
321 313
322 191
322 363
322 171
322 374
322 83
322 134
322 64
322 222
322 367
322 17
322 5
322 138
322 140
322 245
323 246
323 62
323 163
323 305
323 162
323 372
323 189
323 192
323 247
323 84
323 66
324 60
324 57
324 213
324 204
324 325
324 177
324 375
324 371
324 330
324 34
324 71
324 172
324 142
324 198
324 116
324 108
324 320
324 40
324 177
324 129
324 239
324 365
325 306
325 184
325 215
325 326
325 406
325 20
325 260
325 284
325 254
325 260
325 232
325 302
325 211
325 260
325 165
325 206
325 70
325 347
325 213
325 226
326 361
326 187
326 211
326 219
326 364
326 327
326 242
326 311
326 55
326 86
326 233
326 79
326 167
326 87
326 125
326 381
326 172
326 32
326 393
326 40
326 188
326 348
326 404
327 40
327 386
327 372
327 372
327 316
327 349
327 234
327 166
327 318
327 245
327 205
328 258
328 83
328 291
328 197
328 30
328 268
328 366
328 56
328 140
328 198
328 56
328 399
329 214
329 317
329 78
329 216
329 330
329 392
329 378
329 160
329 91
329 98
329 266
329 196
329 29
329 291
329 139
329 380
330 312
330 184
330 146
330 100
330 402
330 295
330 340
330 62
330 336
331 51
331 317
331 326
331 121
331 390
331 204
332 378
332 305
332 123
332 196
332 6
332 190
332 21
332 60
332 51
332 316
332 332
332 118
332 208
332 214
333 274
333 357
333 233
333 43
333 383
333 144
333 347
333 208
333 194
333 334
333 185
333 22
333 211
333 164
333 90
334 172
334 30
334 114
334 402
334 329
334 207
334 325
334 363
334 139
334 222
334 237
334 350
334 332
334 244
334 147
334 101
334 20
334 376
334 181
335 286
335 206
335 29
335 352
335 229
335 299
335 401
335 179
335 248
335 406
335 41
335 312
336 251
336 72
336 333
336 296
336 343
336 143
336 319
336 382
336 179
336 168
336 279
337 391
337 141
337 233
337 382
337 126
337 202
337 111
337 39
337 87
337 19
337 149
337 123
337 237
337 92
338 221
338 403
338 257
338 341
338 285
338 199
338 258
338 394
338 55
338 82
338 107
338 152
338 91
338 81
338 399
338 147
338 301
338 261
339 375
339 63
339 385
339 385
339 90
339 146
339 160
339 109
339 81
339 45
339 282
339 14
339 31
339 75
339 47
339 198
340 107
340 275
340 0
340 129
340 96
340 143
340 175
340 197
340 127
340 341
340 282
340 341
340 312
340 131
340 81
340 81
340 59
341 28
341 243
341 380
341 305
341 403
341 122
341 166
341 365
341 85
341 44
341 94
341 188
341 140
342 299
342 244
342 77
342 243
342 242
342 353
342 153
342 263
342 388
342 383
342 130
342 138
343 278
343 212
343 396
343 273
343 395
343 345
343 71
343 273
343 84
343 146
343 63
343 290
343 231
343 320
343 236
343 3
343 248
343 153
343 184
344 181
344 349
344 144
344 87
344 389
344 67
344 44
344 137
344 109
344 243
344 217
344 204
344 281
344 68
344 72
344 313
344 347
344 247
344 255
345 184
345 125
345 364
345 219
345 197
345 190
345 219
345 268
345 278
345 80
345 141
345 275
345 395
345 213
345 172
346 188
346 186
346 31
346 247
346 126
346 299
346 271
346 289
346 356
346 209
346 74
346 342
346 312
346 158
346 52
347 244
347 297
347 63
347 145
347 37
347 54
347 317
347 270
347 82
347 13
347 180
347 354
347 71
348 141
348 232
348 57
348 356
348 345
348 317
348 75
348 325
348 52
348 275
348 152
348 147
348 0
348 2
348 303
348 169
349 185
349 189
349 177
349 295
349 63
349 191
349 60
349 266
349 70
349 312
349 63
349 165
349 259
349 281
349 305
349 161
349 92
349 181
349 20
350 329
350 166
350 145
350 355
350 278
350 164
350 394
350 125
350 230
350 216
350 377
350 85
350 293
350 222
351 160
351 42
351 280
351 221
351 61
351 384
351 18
351 215
351 395
352 220
352 360
352 317
352 19
352 41
352 40
352 57
352 220
352 67
352 358
352 288
352 71
352 99
353 171
353 78
353 273
353 12
353 15
353 35
353 192
353 161
353 124
353 43
353 374
353 258
354 333
354 78
354 296
354 284
354 21
354 34
354 39
354 133
354 277
354 268
355 160
355 123
355 373
355 116
355 394
355 231
355 77
355 299
355 90
355 222
355 328
355 224
355 193
355 312
355 395
355 152
355 90
355 263
355 125
355 193
355 233
355 175
355 404
355 366
355 306
355 12
356 335
356 267
356 219
356 378
356 64
356 152
356 226
356 330
356 178
356 239
356 197
356 154
356 290
356 313
356 87
356 118
356 350
356 27
356 369
356 254
356 348
357 100
357 52
357 51
357 402
357 370
357 355
357 154
357 316
357 128
357 367
357 249
357 146
357 49
358 260
358 213
358 76
358 202
358 17
358 357
358 145
359 279
359 158
359 97
359 221
359 89
359 319
359 358
359 287
359 184
359 250
359 267
359 136
359 128
359 60
359 73
359 255
359 92
359 186
359 167
359 192
359 202
360 237
360 40
360 148
360 365
360 156
360 283
360 319
360 83
360 103
360 31
360 372
360 221
360 219
360 280
360 354
360 45
360 21
360 1
361 92
361 103
361 257
361 191
361 398
361 107
361 113
361 195
361 52
361 380
361 233
361 308
361 39
361 62
361 226
361 97
362 86
362 396
362 361
362 384
362 33
362 50
362 236
362 224
362 45
362 108
362 199
362 116
362 42
362 316
363 71
363 205
363 390
363 271
363 73
363 141
363 11
363 325
363 91
363 158
363 169
363 313
363 154
363 397
363 166
363 106
363 178
363 401
363 396
363 160
363 318
363 68
364 366
364 380
364 180
364 74
364 221
364 253
364 28
364 22
364 150
364 15
364 29
364 270
364 8
364 275
364 344
364 312
365 372
365 133
365 14
365 206
365 101
365 296
365 186
365 79
365 334
366 182
366 232
366 402
366 386
366 406
366 208
366 246
366 204
366 227
366 3
366 305
366 197
366 362
366 320
366 394
366 318
367 148
367 8
367 398
367 374
367 134
367 145
367 117
367 342
367 325
367 323
367 323
367 143
368 303
368 273
368 72
368 185
368 52
368 279
368 372
368 241
368 254
368 372
368 79
368 136
369 66
369 149
369 168
369 282
369 162
369 43
370 240
370 196
370 361
370 404
370 253
370 270
370 70
370 231
370 182
370 187
370 244
370 138
371 196
371 135
371 186
371 138
371 123
371 259
371 276
371 147
371 400
371 111
371 240
371 183
371 225
372 335
372 385
372 254
372 157
372 304
372 81
372 343
372 332
372 330
372 135
372 122
372 221
372 76
372 187
372 244
372 45
372 19
372 39
372 47
372 28
373 99
373 197
373 329
373 212
373 25
373 407
373 70
373 164
373 39
373 348
373 68
373 149
373 200
373 206
373 274
373 227
373 359
373 98
373 135
373 181
373 165
373 267
374 241
374 313
374 184
374 76
374 308
374 196
374 297
374 89
374 163
374 393
375 348
375 59
375 288
375 154
375 206
375 82
375 210
375 155
375 103
375 381
375 158
375 136
375 165
375 272
375 156
376 12
376 110
376 289
376 151
376 354
376 289
376 144
376 31
376 331
376 257
376 111
376 362
377 295
377 93
377 63
377 357
377 139
377 174
377 287
377 375
377 317
377 34
377 308
377 224
378 324
378 142
378 221
378 370
378 270
378 383
378 185
378 287
378 276
378 383
378 15
378 4
378 368
379 372
379 94
379 173
379 400
379 273
379 283
379 147
379 210
379 276
379 253
379 303
379 393
379 270
380 356
380 132
380 314
380 173
380 51
380 319
380 33
380 292
380 399
381 140
381 201
381 329
381 285
381 75
381 2
381 380
381 101
381 340
381 203
381 392
381 352
381 95
381 307
382 69
382 10
382 135
382 396
382 52
382 316
382 143
382 378
382 160
382 63
382 89
382 355
382 31
382 288
382 84
382 97
382 191
382 15
382 177
382 166
382 406
382 288
383 191
383 294
383 369
383 225
383 123
383 133
383 131
383 294
383 98
383 233
383 82
383 260
383 298
383 381
384 102
384 237
384 45
384 114
384 226
384 106
384 341
384 53
384 270
385 141
385 263
385 164
385 112
385 300
385 226
385 363
385 68
385 368
385 346
385 284
385 159
386 12
386 305
386 198
386 262
386 13
387 34
387 341
387 320
387 203
387 16
387 236
387 297
387 286
387 324
387 17
388 251
388 75
388 106
388 277
388 38
388 266
388 280
388 194
388 317
388 105
388 374
388 81
388 306
388 184
388 315
388 12
388 106
388 228
388 377
388 42
389 235
389 307
389 126
389 344
389 359
389 387
389 358
389 8
389 174
389 34
390 84
390 319
390 66
390 197
390 148
390 261
390 321
390 119
390 369
390 86
390 27
390 276
390 264
391 110
391 344
391 276
391 397
391 20
391 35
391 14
391 307
391 284
391 193
391 377
391 180
392 336
392 156
392 52
392 81
392 67
392 218
392 317
392 196
392 148
392 71
392 62
392 212
392 283
392 8
393 10
393 162
393 168
393 64
393 65
393 130
393 173
393 360
393 147
393 294
393 307
393 84
393 308
393 203
393 148
393 383
393 224
393 126
393 406
393 60
393 59
393 60
393 201
394 22
394 76
394 177
394 201
394 168
394 217
394 390
394 314
394 158
394 52
394 153
394 28
394 331
394 49
394 68
394 298
394 159
395 218
395 300
395 224
395 222
395 7
395 19
395 23
395 82
395 310
395 380
395 311
395 353
395 52
395 27
395 16
395 146
396 237
396 375
396 109
396 276
396 6
396 11
396 301
396 297
396 86
396 249
396 298
396 47
396 357
396 228
396 132
396 185
396 303
396 17
396 62
397 71
397 6
397 397
397 159
397 71
397 269
397 90
397 306
397 284
397 261
397 34
397 92
397 307
397 305
397 97
397 90
397 277
397 404
397 378
397 96
397 277
398 20
398 192
398 290
398 379
398 360
398 380
398 220
398 57
398 140
398 53
398 310
398 399
398 382
399 260
399 234
399 339
399 9
399 298
399 200
399 122
399 48
399 275
399 407
399 278
399 93
399 138
399 51
399 333
399 164
399 208
399 180
400 185
400 201
400 188
400 170
400 262
400 339
400 366
400 100
400 149
400 380
400 247
400 82
400 2
400 120
401 101
401 303
401 20
401 4
401 381
401 389
401 192
401 140
401 401
401 75
401 227
401 267
401 50
401 232
401 228
401 402
401 77
401 76
402 14
402 119
402 175
402 249
402 71
402 69
402 284
402 144
402 151
402 80
402 42
402 183
402 37
403 158
403 392
403 161
403 346
403 44
403 250
403 370
403 394
403 171
403 283
403 94
403 46
403 171
403 57
404 74
404 396
404 211
404 269
404 19
404 301
404 388
404 99
404 194
404 38
404 178
404 13
404 377
404 275
404 230
404 359
404 353
405 7
405 352
405 73
405 245
405 94
405 31
405 44
405 175
405 201
405 376
405 366
405 400
405 222
405 7
405 94
405 148
405 177
405 405
405 84
406 162
406 206
406 402
406 284
406 243
406 107
406 195
406 283
407 84
407 342
407 42
407 129
407 264
407 400
407 335